44039
57358
43024
43025
43026
43027
43028
43029
43030
43041
43042
43043
43044
43045
43046
43047
43065
43066
43067
43068
43069
57408
43081
43082
43083
43084
43085
43087
43111
43112
44649
43114
43115
43116
43113
42945
43152
43153
43154
43155
43156
43157
43158
43159
43160
43161
42670
43194
43195
43196
43197
43198
43199
43200
43201
43202
43203
43204
43205
41159
43213
43214
43215
43216
43217
43218
43219
43220
43221
43222
43223
43224
43225
43226
43227
43228
43229
765
62209
44294
43273
43274
43275
43276
43277
43278
43279
43280
43284
43285
43286
43287
43288
41108
43419
50609
42941
42942
42943
42944
44481
42956
42957
42958
42959
42960
42962
42963
42974
42975
42982
42983
42984
42985
42986
42987
42990
42991
42992
42993
42994
42995
42996
42997
42998
42999
43000
43001
















